[header]
width=16
height=16
tilewidth=32
tileheight=32
orientation=orthogonal

[tilesets]
tileset=../../images/ProjectUtumno_full.png,32,32,0,0

[layer]
type=Tile Layer 1
data=
922,922,922,922,922,922,922,922,922,922,922,922,922,922,922,922,
922,922,922,922,922,922,922,922,922,922,922,922,922,922,922,922,
922,922,922,922,922,922,922,922,922,922,922,922,922,922,922,922,
922,922,922,922,922,922,922,922,922,922,925,922,922,922,922,922,
922,922,922,922,922,922,923,922,922,923,926,922,922,922,922,922,
922,922,922,922,922,926,922,922,923,922,922,922,922,922,922,922,
922,922,922,922,922,922,922,922,922,922,922,925,922,922,922,922,
922,922,922,922,922,922,922,922,922,922,922,926,922,922,922,922,
922,922,922,922,922,922,922,922,922,922,922,922,922,925,922,922,
922,922,922,922,922,922,922,926,922,922,922,922,922,926,922,922,
922,922,922,922,922,922,922,922,922,922,922,922,922,922,922,922,
922,922,922,925,922,922,922,922,922,923,922,922,922,922,922,922,
922,922,926,922,922,922,922,922,922,922,925,922,922,922,922,922,
922,922,922,922,922,922,922,922,922,922,926,922,922,922,922,922,
922,922,922,922,922,922,922,922,922,922,922,922,922,922,922,922,
922,922,922,922,922,922,922,922,922,922,922,922,922,922,922,922

[layer]
type=Tile Layer 2
data=
1217,1217,1217,1217,1217,1217,1217,1217,1217,1217,1217,1217,1217,1217,1217,1217,
1217,0,0,0,0,0,0,0,0,0,0,0,0,0,0,1217,
1217,0,0,0,0,0,0,0,0,0,0,0,0,0,0,1217,
1217,0,0,0,0,0,0,0,0,0,0,0,0,0,0,1217,
1217,0,0,0,0,0,0,0,0,0,0,0,0,0,0,1217,
1217,0,0,0,0,0,0,0,0,0,0,0,0,0,0,1217,
1217,0,0,0,0,0,0,0,0,0,0,0,0,0,0,1217,
1217,0,0,0,0,0,0,0,0,0,0,0,0,0,0,1217,
1217,0,0,0,0,0,0,0,0,0,0,0,0,0,0,1217,
1217,0,0,0,0,0,0,0,0,0,0,0,0,0,0,1217,
1217,0,0,0,0,0,0,0,0,0,0,0,0,0,0,1217,
1217,0,0,0,0,0,0,0,0,0,0,0,0,0,0,1217,
1217,0,0,0,0,0,0,0,0,0,0,0,0,0,0,1217,
1217,0,0,0,0,0,0,0,0,0,0,0,0,0,0,0,
1217,0,0,0,0,0,0,0,0,0,0,0,0,0,0,0,
1217,1217,1217,1217,1217,1217,1217,1217,1217,1217,1217,1217,1217,1217,1217,1217

[layer]
type=Tile Layer 3
data=
0,0,0,0,0,0,0,0,0,0,0,0,0,0,0,0,
0,0,0,0,0,0,0,0,0,0,0,0,0,0,0,0,
0,0,0,0,0,0,0,0,0,0,0,0,0,0,0,0,
0,0,0,0,0,0,0,0,0,0,0,0,0,0,0,0,
0,0,0,0,0,0,0,0,0,0,0,0,0,0,0,0,
0,0,0,0,0,0,0,0,0,0,0,0,0,0,0,0,
0,0,0,0,0,0,0,0,0,0,0,0,0,0,0,0,
0,0,0,0,0,0,0,0,0,0,0,0,0,0,0,0,
0,0,0,0,0,0,0,0,0,0,0,0,0,0,0,0,
0,0,0,0,0,0,0,0,0,0,0,0,0,0,0,0,
0,0,0,0,0,0,0,0,0,0,0,0,0,0,0,0,
0,0,0,0,0,0,0,0,0,0,0,0,0,0,0,0,
0,0,0,0,0,0,0,0,0,0,0,0,0,0,0,0,
0,0,0,0,0,0,0,0,0,0,0,0,0,0,0,0,
0,0,0,0,0,0,0,80,0,0,0,0,0,0,0,97,
0,0,0,0,0,0,0,0,0,0,0,0,0,0,0,0

