[header]
width=30
height=30
tilewidth=32
tileheight=32
orientation=orthogonal
background_color=0,0,0,255

[tilesets]
tileset=../../../../Downloads/cavernous.png,32,32,0,0
tileset=../../../../Downloads/walls1.png,32,32,0,0
tileset=../../../../Downloads/walls2.png,32,32,0,0

[layer]
type=background
data=
0,0,0,263,263,277,277,277,0,0,0,263,263,263,277,291,305,305,263,263,263,263,0,0,0,0,0,0,0,0,
0,263,263,277,277,291,291,291,0,0,263,277,277,277,291,305,305,263,277,263,263,277,0,0,263,263,0,263,0,0,
263,263,277,291,291,305,305,305,263,263,277,291,291,291,305,305,263,263,263,277,277,291,263,263,263,277,263,263,0,0,
277,277,291,305,305,305,305,263,277,277,291,305,305,305,305,263,263,263,277,291,291,305,277,277,277,291,263,277,263,263,
291,291,305,305,305,305,277,277,291,291,305,305,263,263,263,277,277,277,291,305,305,291,291,291,291,305,277,291,277,277,
263,263,305,277,291,305,291,291,305,305,305,263,277,277,277,291,291,291,305,305,305,305,305,305,305,291,291,305,291,291,
277,277,305,291,305,291,305,305,291,305,263,277,291,291,291,305,305,305,277,277,291,291,305,305,305,305,305,291,305,305,
291,291,291,305,291,305,291,305,305,277,277,291,305,305,305,263,277,277,291,291,305,305,305,263,263,277,305,305,277,291,
305,305,305,305,305,305,305,277,277,291,291,305,263,263,263,277,263,291,305,305,305,263,263,277,277,291,305,291,291,305,
277,291,305,291,305,277,277,291,291,305,305,263,263,263,263,263,277,305,263,263,277,277,277,291,291,305,305,263,305,305,
291,305,291,305,277,291,291,305,305,291,291,277,277,277,277,277,291,263,277,277,291,291,291,305,305,291,305,277,263,305,
305,305,305,291,291,305,305,305,305,305,305,291,291,291,291,291,305,277,291,291,305,305,305,277,291,263,305,291,263,305,
305,305,291,305,305,277,277,277,291,305,305,305,305,305,305,305,277,291,305,305,263,277,277,291,305,277,305,305,277,0,
305,305,305,277,291,291,291,291,305,305,277,305,277,277,277,291,291,305,277,263,277,291,291,305,263,291,305,305,291,0,
305,291,291,291,305,305,305,305,305,305,291,291,291,291,291,305,305,263,263,277,291,305,305,291,277,305,305,305,305,0,
305,305,305,305,305,305,305,305,291,305,305,305,305,305,305,263,277,277,277,291,305,305,291,305,291,277,277,305,0,0,
305,305,305,305,277,277,291,305,305,263,277,277,305,263,277,277,291,291,291,305,263,305,305,277,305,291,291,305,263,0,
305,305,263,277,291,291,305,305,277,277,291,291,305,277,291,291,305,305,305,277,277,263,305,291,277,305,305,305,277,0,
263,263,277,291,305,305,305,291,291,291,305,305,305,291,305,305,305,305,291,291,291,277,277,305,291,263,305,277,291,0,
263,277,291,305,291,305,305,305,305,305,305,305,305,305,305,291,291,291,305,305,305,291,291,305,305,277,305,291,305,0,
263,291,305,291,305,277,263,263,263,263,263,263,263,277,263,305,305,305,305,305,305,305,305,305,291,291,305,305,0,0,
277,305,277,305,305,291,277,277,277,277,277,263,263,291,277,277,277,277,277,305,305,291,291,277,305,305,305,263,0,0,
291,277,291,305,291,305,291,291,291,291,291,277,277,305,291,291,291,291,291,291,291,305,305,291,291,305,263,263,0,0,
305,291,305,305,305,305,305,305,305,305,305,291,291,305,305,305,305,305,305,305,305,305,305,305,305,291,277,263,263,0,
263,305,305,305,263,263,263,305,305,263,263,305,305,263,263,263,263,263,263,263,263,263,263,263,305,305,291,277,263,263,
277,277,277,277,277,277,277,277,277,277,277,277,277,277,277,277,277,277,277,277,277,277,277,277,277,305,305,291,277,263,
291,291,291,291,291,291,291,291,291,291,291,291,291,291,291,291,291,291,291,291,291,291,291,291,291,291,305,305,291,277,
305,305,305,305,305,305,305,305,305,305,305,305,305,305,305,305,305,305,305,305,305,305,305,305,305,305,305,305,305,291,
0,0,0,0,0,0,0,0,0,0,0,0,0,0,0,0,0,0,0,0,0,0,0,0,0,0,0,0,0,305,
0,0,0,0,0,0,0,0,0,0,0,0,0,0,0,0,0,0,0,0,0,0,0,0,0,0,0,0,0,0

[layer]
type=puzzle
data=
287,288,259,260,261,259,260,261,259,260,261,259,260,261,259,260,261,259,260,261,259,260,261,259,260,259,260,261,287,288,
301,302,273,274,275,273,274,275,273,274,275,273,274,275,273,274,275,273,274,275,273,274,275,273,274,273,274,275,301,302,
257,258,0,0,0,0,0,0,0,0,0,0,0,0,0,0,0,0,0,0,0,0,0,0,0,0,0,0,257,258,
271,272,0,0,0,0,0,0,0,0,0,0,0,0,0,0,0,0,0,0,0,0,0,0,0,0,0,0,271,272,
285,286,0,0,0,0,0,0,0,0,0,0,0,0,0,0,0,0,0,0,0,0,0,0,0,0,0,0,285,286,
257,258,0,0,0,0,0,0,0,0,0,0,0,0,0,0,0,0,0,0,0,0,0,0,0,0,0,0,285,286,
271,272,0,0,0,0,0,0,0,0,0,0,0,0,0,0,0,0,0,0,0,0,0,0,0,0,0,0,257,258,
285,286,0,0,0,0,0,0,0,0,0,0,0,0,0,0,0,0,0,0,0,0,0,0,0,0,0,0,271,272,
285,286,0,0,0,0,0,0,0,0,0,0,0,0,0,0,0,0,0,0,0,0,0,0,0,0,0,0,285,286,
257,258,0,0,0,0,0,0,0,0,0,0,0,0,0,0,0,0,0,0,0,0,0,0,0,0,0,0,257,258,
271,272,0,0,0,0,0,0,0,0,0,0,0,0,0,0,0,0,0,0,0,0,0,0,0,0,0,0,271,272,
285,286,0,0,0,0,0,0,0,0,0,0,0,0,0,0,0,0,0,0,0,0,0,0,0,0,0,0,285,286,
257,258,0,0,0,0,0,0,0,0,0,0,0,0,0,0,0,0,0,0,0,0,0,0,0,0,0,0,271,272,
271,272,0,0,0,0,0,0,0,0,0,0,0,0,0,0,0,0,0,0,0,0,0,0,0,0,0,0,285,286,
285,286,0,0,0,0,0,0,0,0,0,0,0,0,0,0,0,0,0,0,0,0,0,0,0,0,0,0,271,272,
257,258,0,0,0,0,0,0,0,0,0,0,0,0,0,0,0,0,0,0,0,0,0,0,0,0,0,0,285,286,
271,272,0,0,0,0,0,0,0,0,0,0,0,0,0,0,0,0,0,0,0,0,0,0,0,0,0,0,257,258,
285,286,0,0,0,0,0,0,0,0,0,0,0,0,0,0,0,0,0,0,0,0,0,0,0,0,0,0,271,272,
257,258,0,0,0,0,0,0,0,0,0,0,0,0,0,0,0,0,0,0,0,0,0,0,0,0,0,0,285,286,
257,258,0,0,0,0,0,0,0,0,0,0,0,0,0,0,0,0,0,0,0,0,0,0,0,0,0,0,257,258,
271,272,0,0,0,0,0,0,0,0,0,0,0,0,0,0,0,0,0,0,0,0,0,0,0,0,0,0,271,272,
285,286,0,0,0,0,0,0,0,0,0,0,0,0,0,0,0,0,0,0,0,0,0,0,0,0,0,0,285,286,
289,290,0,0,0,0,0,0,0,0,0,0,0,0,0,0,0,0,0,0,0,0,0,0,0,0,0,0,289,290,
303,304,0,0,0,0,0,0,0,0,0,0,0,0,0,0,0,0,0,0,0,0,0,0,0,0,0,0,303,304,
0,0,0,0,0,0,0,0,0,0,0,0,0,0,0,0,0,0,0,0,0,0,0,0,0,0,0,0,0,0,
0,0,0,0,0,0,0,0,0,0,0,0,0,0,0,0,0,0,0,0,0,0,0,0,0,0,0,0,0,0,
0,0,0,0,0,0,0,0,0,238,239,0,0,0,0,294,295,0,0,0,0,350,351,0,0,0,0,0,0,0,
0,0,0,0,0,0,0,0,0,252,253,0,0,0,0,308,309,0,0,0,0,364,365,0,0,0,0,0,0,0,
289,290,259,260,261,259,260,261,259,260,261,260,261,259,260,259,260,261,259,260,261,259,260,261,259,260,261,260,289,290,
303,304,273,274,275,273,274,275,273,274,275,274,275,273,274,273,274,275,273,274,275,273,274,275,273,274,275,274,303,304

[layer]
type=player spawn
data=
0,0,0,0,0,0,0,0,0,0,0,0,0,0,0,0,0,0,0,0,0,0,0,0,0,0,0,0,0,0,
0,0,0,0,0,0,0,0,0,0,0,0,0,0,0,0,0,0,0,0,0,0,0,0,0,0,0,0,0,0,
0,0,0,0,0,0,0,0,0,0,0,0,0,0,0,0,0,0,0,0,0,0,0,0,0,0,0,0,0,0,
0,0,0,0,0,0,0,0,0,0,0,0,0,0,0,0,0,0,0,0,0,0,0,0,0,0,0,0,0,0,
0,0,0,0,0,0,0,0,0,0,0,0,0,0,0,0,0,0,0,0,0,0,0,0,0,0,0,0,0,0,
0,0,0,0,0,0,0,0,0,0,0,0,0,0,0,0,0,0,0,0,0,0,0,0,0,0,0,0,0,0,
0,0,0,0,0,0,0,0,0,0,0,0,0,0,0,0,0,0,0,0,0,0,0,0,0,0,0,0,0,0,
0,0,0,0,0,0,0,0,0,0,0,0,0,0,0,0,0,0,0,0,0,0,0,0,0,0,0,0,0,0,
0,0,0,0,0,0,0,0,0,0,0,0,0,0,0,0,0,0,0,0,0,0,0,0,0,0,0,0,0,0,
0,0,0,0,0,0,0,0,0,0,0,0,0,0,0,0,0,0,0,0,0,0,0,0,0,0,0,0,0,0,
0,0,0,0,0,0,0,0,0,0,0,0,0,0,0,0,0,0,0,0,0,0,0,0,0,0,0,0,0,0,
0,0,0,0,0,0,0,0,0,0,0,0,0,0,0,0,0,0,0,0,0,0,0,0,0,0,0,0,0,0,
0,0,0,0,0,0,0,0,0,0,0,0,0,0,0,0,0,0,0,0,0,0,0,0,0,0,0,0,0,0,
0,0,0,0,0,0,0,0,0,0,0,0,0,0,0,0,0,0,0,0,0,0,0,0,0,0,0,0,0,0,
0,0,0,0,0,0,0,0,0,0,0,0,0,0,0,0,0,0,0,0,0,0,0,0,0,0,0,0,0,0,
0,0,0,0,0,0,0,0,0,0,0,0,0,0,0,0,0,0,0,0,0,0,0,0,0,0,0,0,0,0,
0,0,0,0,0,0,0,0,0,0,0,0,0,0,0,0,0,0,0,0,0,0,0,0,0,0,0,0,0,0,
0,0,0,0,0,0,0,0,0,0,0,0,0,0,0,0,0,0,0,0,0,0,0,0,0,0,0,0,0,0,
0,0,0,0,0,0,0,0,0,0,0,0,0,0,0,0,0,0,0,0,0,0,0,0,0,0,0,0,0,0,
0,0,0,0,0,0,0,0,0,0,0,0,0,0,0,0,0,0,0,0,0,0,0,0,0,0,0,0,0,0,
0,0,0,0,0,0,0,0,0,0,0,0,0,0,0,0,0,0,0,0,0,0,0,0,0,0,0,0,0,0,
0,0,0,0,0,0,0,0,0,0,0,0,0,0,0,0,0,0,0,0,0,0,0,0,0,0,0,0,0,0,
0,0,0,0,0,0,0,0,0,0,0,0,0,0,0,0,0,0,0,0,0,0,0,0,0,0,0,0,0,0,
0,0,0,0,0,0,0,0,0,0,0,0,0,0,0,0,0,0,0,0,0,0,0,0,0,0,0,0,0,0,
0,0,0,0,0,0,0,0,0,0,0,0,0,0,0,0,0,0,0,0,0,0,0,0,0,0,0,0,0,0,
0,0,0,0,0,0,0,0,0,0,0,0,0,0,0,0,0,0,0,0,0,0,0,0,0,0,0,0,0,0,
0,0,0,0,0,0,0,0,0,0,0,0,0,0,0,0,0,0,0,0,0,0,0,0,0,0,0,0,0,0,
357,0,0,0,0,0,0,0,0,0,0,0,0,0,0,0,0,0,0,0,0,0,0,0,0,0,0,0,0,344,
0,0,0,0,0,0,0,0,0,0,0,0,0,0,0,0,0,0,0,0,0,0,0,0,0,0,0,0,0,0,
0,0,0,0,0,0,0,0,0,0,0,0,0,0,0,0,0,0,0,0,0,0,0,0,0,0,0,0,0,0

