[header]
width=32
height=32
tilewidth=32
tileheight=32
orientation=orthogonal

[tilesets]
tileset=../../images/ProjectUtumno_full.png,32,32,0,0

[layer]
type=Tile Layer 1
data=
0,0,0,0,0,0,0,0,0,0,0,0,0,0,0,0,0,0,0,0,0,0,0,0,0,0,0,0,0,0,0,0,
0,1217,1217,1217,1217,1217,1217,1217,1217,1217,1217,1217,1217,1217,1217,1217,1217,1217,1217,1217,1217,1217,1217,1217,1217,1217,1217,1217,1217,1217,1217,0,
0,1217,1217,1217,1217,1217,1217,1217,1217,1217,1217,1217,1217,1217,1217,1217,1217,1217,1217,1217,1217,1217,1217,1217,1217,1217,1217,1217,1217,1217,1217,0,
0,1217,1217,1217,1217,1217,1217,1217,1217,1217,1217,1217,1217,1217,1217,1104,1104,1217,1217,1217,1217,1217,1217,1217,1217,1217,1217,1217,1217,1217,1217,0,
0,1217,1217,1217,1217,1217,1217,1217,1217,1217,1217,1217,1217,1217,1217,1045,1045,1217,1217,1217,1217,1217,1217,1217,1217,1217,1217,1217,1217,1217,1217,0,
0,1217,1217,1217,1217,1217,1217,1217,1217,1217,1217,1217,1217,1217,1045,979,984,1045,1217,1217,1217,1217,1217,1217,1217,1217,1217,1217,1217,1217,1217,0,
0,1217,1217,1217,1217,1217,1217,1217,1217,1217,1217,1217,1217,1217,1045,981,978,1045,1217,1217,1217,1217,1217,1217,1217,1217,1217,1217,1217,1217,1217,0,
0,1217,1217,1217,1217,1217,1217,1217,1217,1217,1217,1217,1217,1217,1045,981,983,1045,1217,1217,1217,1217,1217,1217,1217,1217,1217,1217,1217,1217,1217,0,
0,1217,1217,1217,1217,1217,1217,1217,1217,1217,1217,1217,1104,1045,1045,979,983,1045,1045,1104,1217,1217,1217,1217,1217,1217,1217,1217,1217,1217,1217,0,
0,1217,1217,1217,1217,1217,1104,1217,1217,1217,1217,1217,1045,981,1045,979,984,1045,981,1045,1217,1217,1217,1217,1217,1104,1217,1217,1217,1217,1217,0,
0,1217,1217,1217,1217,1045,1045,1045,1217,1217,1217,1217,1045,981,981,1045,1045,981,981,1045,1217,1217,1217,1217,1045,1045,1045,1217,1217,1217,1217,0,
0,1217,1217,1217,1045,1045,981,1045,1045,1217,1217,1217,1045,981,977,1045,1045,981,981,1045,1217,1217,1217,1045,1045,981,1045,1045,1217,1217,1217,0,
0,1217,1217,1217,1045,981,981,981,1045,1217,1217,1217,1045,981,1045,979,983,1045,981,1045,1217,1217,1217,1045,981,981,981,1045,1217,1217,1217,0,
0,1217,1217,1104,1045,981,979,981,1045,1104,1217,1104,981,981,1045,979,979,1045,981,981,1104,1217,1104,1045,981,979,981,1045,1104,1217,1217,0,
0,1217,1217,1045,981,1045,979,1045,981,1045,1217,1045,981,1045,981,979,983,981,1045,981,1045,1217,1045,981,1045,979,1045,981,1045,1217,1217,0,
0,1217,1217,1045,981,981,1045,978,981,1045,1217,1045,981,1045,981,977,981,983,1045,981,1045,1217,1045,981,981,1045,978,981,1045,1217,1217,0,
0,1217,1217,1045,981,977,1045,983,981,1045,1217,1045,981,1045,981,977,979,983,1045,981,1045,1217,1045,981,977,1045,983,981,1045,1217,1217,0,
0,1217,1217,1045,981,977,1045,983,981,1045,1217,1045,981,1045,981,984,979,981,1045,981,1045,1217,1045,981,977,1045,983,981,1045,1217,1217,0,
0,1217,1217,1045,981,984,1045,979,981,1045,1217,1045,977,981,1045,977,983,1045,981,981,1045,1217,1045,981,984,1045,979,981,1045,1217,1217,0,
0,1217,1217,1045,977,981,1045,983,981,1045,1217,1045,977,981,977,1045,1045,983,981,981,1045,1217,1045,977,981,1045,983,981,1045,1217,1217,0,
0,1217,1217,1104,1045,1045,1104,1045,1045,1104,1217,1104,1045,1045,1104,1045,1045,1104,1045,1045,1104,1217,1104,1045,1045,1104,1045,1045,1104,1217,1217,0,
0,1217,1217,1217,1217,1217,1217,1217,1217,1217,1217,1217,1217,1217,1217,1217,1217,1217,1217,1217,1217,1217,1217,1217,1217,1217,1217,1217,1217,1217,1217,0,
0,1217,1217,1217,1217,1217,1217,1217,1217,1217,1217,1217,1217,1217,1217,1217,1217,1217,1217,1217,1217,1217,1217,1217,1217,1217,1217,1217,1217,1217,1217,0,
0,1217,1217,1217,1217,1217,1217,1217,1217,1217,1217,1217,1217,1217,1217,1217,1217,1217,1217,1217,1217,1217,1217,1217,1217,1217,1217,1217,1217,1217,1217,0,
0,1217,1217,1217,1217,1217,1217,1217,1217,1217,1217,1217,1217,1217,1217,1217,1217,1217,1217,1217,1217,1217,1217,1217,1217,1217,1217,1217,1217,1217,1217,0,
0,1217,1217,1217,1217,1217,1217,1217,1217,1217,1217,1217,1217,1217,1217,1217,1217,1217,1217,1217,1217,1217,1217,1217,1217,1217,1217,1217,1217,1217,1217,0,
0,1217,1217,1217,1217,1217,1217,1217,1217,1217,1217,1217,1217,1217,1217,1217,1217,1217,1217,1217,1217,1217,1217,1217,1217,1217,1217,1217,1217,1217,1217,0,
0,1217,1217,1217,1217,1217,1217,1217,1217,1217,1217,1217,1217,1217,1217,1217,1217,1217,1217,1217,1217,1217,1217,1217,1217,1217,1217,1217,1217,1217,1217,0,
0,1217,1217,1217,1217,1217,1217,1217,1217,1217,1217,1217,1217,1217,1217,1217,1217,1217,1217,1217,1217,1217,1217,1217,1217,1217,1217,1217,1217,1217,1217,0,
1217,1217,1217,1217,1217,1217,1217,1217,1217,1217,1217,1217,1217,1217,1217,1217,1217,1217,1217,1217,1217,1217,1217,1217,1217,1217,1217,1217,1217,1217,1217,1217,
1217,1217,1217,1217,1217,1217,1217,1217,1217,1217,1217,1217,1217,1217,1217,1217,1217,1217,1217,1217,1217,1217,1217,1217,1217,1217,1217,1217,1217,1217,1217,1217,
0,0,0,0,0,0,0,0,0,0,0,0,0,0,0,0,0,0,0,0,0,0,0,0,0,0,0,0,0,0,0,0

[layer]
type=Tile Layer 2
data=
1163,1163,1163,1163,1163,1163,1163,1163,1163,1163,1163,1163,1163,1163,1163,1163,1163,1163,1163,1163,1163,1163,1163,1163,1163,1163,1163,1163,1163,1163,1163,1163,
1163,0,0,0,0,0,0,0,0,0,0,0,0,0,0,0,0,0,0,0,0,0,0,0,0,0,0,0,0,0,0,1163,
1163,0,0,0,0,0,0,0,0,0,0,0,0,0,0,0,0,0,0,0,0,0,0,0,0,0,0,0,0,0,0,1163,
1163,0,0,0,0,0,0,0,0,0,0,0,0,0,0,0,0,0,0,0,0,0,0,0,0,0,0,0,0,0,0,1163,
1163,0,0,0,0,0,0,0,0,0,0,0,0,0,0,0,0,0,0,0,0,0,0,0,0,0,0,0,0,0,0,1163,
1163,0,0,0,0,0,0,0,0,0,0,0,0,0,0,0,0,0,0,0,0,0,0,0,0,0,0,0,0,0,0,1163,
1163,0,0,0,0,0,0,0,0,0,0,0,0,0,0,0,0,0,0,0,0,0,0,0,0,0,0,0,0,0,0,1163,
1163,0,0,0,0,0,0,0,0,0,0,0,0,0,0,0,0,0,0,0,0,0,0,0,0,0,0,0,0,0,0,1163,
1163,0,0,0,0,0,0,0,0,0,0,0,0,0,0,0,0,0,0,0,0,0,0,0,0,0,0,0,0,0,0,1163,
1163,0,0,0,0,0,0,0,0,0,0,0,0,0,0,0,0,0,0,0,0,0,0,0,0,0,0,0,0,0,0,1163,
1163,0,0,0,0,0,0,0,0,0,0,0,0,0,0,0,0,0,0,0,0,0,0,0,0,0,0,0,0,0,0,1163,
1163,0,0,0,0,0,0,0,0,0,0,0,0,0,0,0,0,0,0,0,0,0,0,0,0,0,0,0,0,0,0,1163,
1163,0,0,0,0,0,0,0,0,0,0,0,0,0,0,0,0,0,0,0,0,0,0,0,0,0,0,0,0,0,0,1163,
1163,0,0,0,0,0,0,0,0,0,0,0,0,0,0,0,0,0,0,0,0,0,0,0,0,0,0,0,0,0,0,1163,
1163,0,0,0,0,0,0,0,0,0,0,0,0,0,0,0,0,0,0,0,0,0,0,0,0,0,0,0,0,0,0,1163,
1163,0,0,0,0,0,0,0,0,0,0,0,0,0,0,0,0,0,0,0,0,0,0,0,0,0,0,0,0,0,0,1163,
1163,0,0,0,0,0,0,0,0,0,0,0,0,0,0,0,0,0,0,0,0,0,0,0,0,0,0,0,0,0,0,1163,
1163,0,0,0,0,0,0,0,0,0,0,0,0,0,0,0,0,0,0,0,0,0,0,0,0,0,0,0,0,0,0,1163,
1163,0,0,0,0,0,0,0,0,0,0,0,0,0,0,0,0,0,0,0,0,0,0,0,0,0,0,0,0,0,0,1163,
1163,0,0,0,0,0,0,0,0,0,0,0,0,0,0,0,0,0,0,0,0,0,0,0,0,0,0,0,0,0,0,1163,
1163,0,0,0,0,0,0,0,0,0,0,0,0,0,0,0,0,0,0,0,0,0,0,0,0,0,0,0,0,0,0,1163,
1163,0,0,0,0,0,0,0,0,0,0,0,0,0,0,0,0,0,0,0,0,0,0,0,0,0,0,0,0,0,0,1163,
1163,0,0,0,0,0,0,0,0,0,0,0,0,0,0,0,0,0,0,0,0,0,0,0,0,0,0,0,0,0,0,1163,
1163,0,0,0,0,0,0,0,0,0,0,0,0,0,0,0,0,0,0,0,0,0,0,0,0,0,0,0,0,0,0,1163,
1163,0,0,0,0,0,0,0,0,0,0,0,0,0,0,0,0,0,0,0,0,0,0,0,0,0,0,0,0,0,0,1163,
1163,0,0,0,0,0,0,0,0,0,0,0,0,0,0,0,0,0,0,0,0,0,0,0,0,0,0,0,0,0,0,1163,
1163,0,0,0,0,0,0,0,0,0,0,0,0,8,0,0,0,0,8,0,0,0,0,0,0,0,0,0,0,0,0,1163,
1163,0,0,0,0,0,0,0,0,0,0,1163,1163,1163,1163,1163,1163,1163,1163,1163,1163,0,0,0,0,0,0,0,0,0,0,1163,
1163,0,0,0,0,0,0,0,0,1163,1163,1163,1163,1163,1163,1163,1163,1163,1163,1163,1163,1163,1163,0,0,0,0,0,0,0,0,1163,
0,0,0,0,0,0,0,1163,1163,1163,1163,1163,1163,1163,1163,1163,1163,1163,1163,1163,1163,1163,1163,1163,1163,0,0,0,0,0,0,0,
0,0,0,0,0,1163,1163,1163,1163,1163,1163,1163,1163,1163,1163,1163,1163,1163,1163,1163,1163,1163,1163,1163,1163,1163,1163,0,0,0,0,0,
1163,1163,1163,1163,1163,1163,1163,1163,1163,1163,1163,1163,1163,1163,1163,1163,1163,1163,1163,1163,1163,1163,1163,1163,1163,1163,1163,1163,1163,1163,1163,1163

[layer]
type=Tile Layer 3
data=
0,0,0,0,0,0,0,0,0,0,0,0,0,0,0,0,0,0,0,0,0,0,0,0,0,0,0,0,0,0,0,0,
0,0,0,0,0,0,0,0,0,0,0,0,0,0,0,0,0,0,0,0,0,0,0,0,0,0,0,0,0,0,0,0,
0,0,0,0,0,0,0,0,0,0,0,0,0,0,0,0,0,0,0,0,0,0,0,0,0,0,0,0,0,0,0,0,
0,0,0,0,0,0,0,0,0,0,0,0,0,0,0,0,0,0,0,0,0,0,0,0,0,0,0,0,0,0,0,0,
0,0,0,0,0,0,0,0,0,0,0,0,0,0,0,0,0,0,0,0,0,0,0,0,0,0,0,0,0,0,0,0,
0,0,0,0,0,0,0,0,0,0,0,0,0,0,0,0,0,0,0,0,0,0,0,0,0,0,0,0,0,0,0,0,
0,0,0,0,0,0,0,0,0,0,0,0,0,0,0,0,0,0,0,0,0,0,0,0,0,0,0,0,0,0,0,0,
0,0,0,0,0,0,0,0,0,0,0,0,0,0,0,0,0,0,0,0,0,0,0,0,0,0,0,0,0,0,0,0,
0,0,0,0,0,0,0,0,0,0,0,0,0,0,0,0,0,0,0,0,0,0,0,0,0,0,0,0,0,0,0,0,
0,0,0,0,0,0,0,0,0,0,0,0,0,0,0,0,0,0,0,0,0,0,0,0,0,0,0,0,0,0,0,0,
0,0,0,0,0,0,0,0,0,0,0,0,0,0,0,0,0,0,0,0,0,0,0,0,0,0,0,0,0,0,0,0,
0,0,0,0,0,0,0,0,0,0,0,0,0,0,0,0,0,0,0,0,0,0,0,0,0,0,0,0,0,0,0,0,
0,0,0,0,0,0,0,0,0,0,0,0,0,0,0,0,0,0,0,0,0,0,0,0,0,0,0,0,0,0,0,0,
0,0,0,0,0,0,0,0,0,0,0,0,0,0,0,0,0,0,0,0,0,0,0,0,0,0,0,0,0,0,0,0,
0,0,0,0,0,0,0,0,0,0,0,0,0,0,0,0,0,0,0,0,0,0,0,0,0,0,0,0,0,0,0,0,
0,0,0,0,0,0,0,0,0,0,0,0,0,0,0,0,0,0,0,0,0,0,0,0,0,0,0,0,0,0,0,0,
0,0,0,0,0,0,0,0,0,0,0,0,0,0,0,0,0,0,0,0,0,0,0,0,0,0,0,0,0,0,0,0,
0,0,0,0,0,0,0,0,0,0,0,0,0,0,0,0,0,0,0,0,0,0,0,0,0,0,0,0,0,0,0,0,
0,0,0,0,0,0,0,0,0,0,0,0,0,0,0,0,0,0,0,0,0,0,0,0,0,0,0,0,0,0,0,0,
0,0,0,0,0,0,0,0,0,0,0,0,0,0,0,0,0,0,0,0,0,0,0,0,0,0,0,0,0,0,0,0,
0,0,0,0,0,0,0,0,0,0,0,0,0,0,0,0,0,0,0,0,0,0,0,0,0,0,0,0,0,0,0,0,
0,0,0,0,0,0,0,0,0,0,0,0,0,0,0,0,0,0,0,0,0,0,0,0,0,0,0,0,0,0,0,0,
0,0,0,0,0,0,0,0,0,0,0,0,0,0,0,0,0,0,0,0,0,0,0,0,0,0,0,0,0,0,0,0,
0,0,0,0,0,0,0,0,0,0,0,0,0,0,0,0,0,0,0,0,0,0,0,0,0,0,0,0,0,0,0,0,
0,0,0,0,0,0,0,0,0,0,0,0,0,0,0,0,0,0,0,0,0,0,0,0,0,0,0,0,0,0,0,0,
0,0,0,0,0,0,0,0,0,0,0,0,0,0,0,0,0,0,0,0,0,0,0,0,0,0,0,0,0,0,0,0,
0,0,0,0,0,0,0,0,0,0,0,0,0,0,0,0,0,0,0,0,0,0,0,0,0,0,0,0,0,0,0,0,
0,0,0,0,0,0,0,0,0,0,0,0,0,0,0,0,0,0,0,0,0,0,0,0,0,0,0,0,0,0,0,0,
0,0,0,0,0,0,0,0,0,0,0,0,0,0,0,0,0,0,0,0,0,0,0,0,0,0,0,0,0,0,0,0,
0,0,0,0,0,0,0,0,0,0,0,0,0,0,0,0,0,0,0,0,0,0,0,0,0,0,0,0,0,0,0,0,
80,0,0,0,0,0,0,0,0,0,0,0,0,0,0,0,0,0,0,0,0,0,0,0,0,0,0,0,0,0,0,97,
0,0,0,0,0,0,0,0,0,0,0,0,0,0,0,0,0,0,0,0,0,0,0,0,0,0,0,0,0,0,0,0

