[header]
width=64
height=32
tilewidth=32
tileheight=32
orientation=orthogonal

[tilesets]
tileset=../../../Downloads/ProjectUtumno_full.png,32,32,0,0

[layer]
type=Tile Layer 1
data=
1217,1217,1217,1217,1217,1217,1217,1217,1217,1217,1217,1217,1217,1217,1217,1217,1217,1217,1217,1217,1217,1217,1217,1217,1217,1217,1217,1217,1217,1217,1217,1217,1217,1217,1217,1217,1217,1217,1217,1217,1217,1217,1217,1217,1217,1217,1217,1217,1217,1217,1217,1217,1217,1217,1217,1217,1217,1217,1217,1217,1217,1217,1217,1217,
1217,1217,1217,1217,1217,1217,1217,1217,1217,1217,1217,1217,1217,1217,1217,1217,1217,1217,1217,1217,1217,1217,1217,1217,1217,1217,1217,1217,1217,1217,1217,1217,1217,1217,1217,1217,1217,1217,1217,1217,1217,1217,1217,1217,1217,1217,1217,1217,1217,1217,1217,1217,1217,1217,1217,1217,1217,1217,1217,1217,1217,1217,1217,1217,
1217,1217,1217,1217,1217,1217,1217,1217,1217,1217,1217,1217,1217,1217,1217,1217,1217,1217,1217,1217,1217,1217,1217,1217,1217,1217,1217,1217,1217,1217,1217,1217,1217,1217,1217,1217,1217,1217,1217,1217,1217,1217,1217,1217,1217,1217,1217,1217,1217,1217,1217,1217,1217,1217,1217,1217,1217,1217,1217,1217,1217,1217,1217,1217,
1217,1217,1217,1217,1217,1217,1217,1217,1217,1217,1217,1217,1217,1217,1217,1217,1217,1217,1217,1217,1217,1217,1217,1217,1217,1217,1217,1217,1217,1217,1217,1217,1217,1217,1217,1217,1217,1217,1217,1217,1217,1217,1217,1217,1217,1217,1217,1217,1217,1217,1217,1217,1217,1217,1217,1217,1217,1217,1217,1217,1217,1217,1217,1217,
1217,1217,1217,1217,1217,1217,1217,1217,1217,1217,1217,1217,1217,1217,1217,1217,1217,1217,1217,1217,1217,1217,1217,1217,1217,1217,1217,1217,1217,1217,1217,1217,1217,1217,1217,1217,1217,1217,1217,1217,1217,1217,1217,1217,1217,1217,1217,1217,1217,1217,1217,1217,1217,1217,1217,1217,1217,1217,1217,1217,1217,1217,1217,1217,
1217,1217,1217,1217,1217,1217,1217,1217,1217,1217,1217,1217,1217,1217,1217,1217,1217,1217,1217,1217,1217,1217,1217,1217,1217,1217,1217,1217,1217,1217,1217,1217,1217,1217,1217,1217,1217,1217,1217,1217,1217,1217,1217,1217,1217,1217,1217,1217,1217,1217,1217,1217,1217,1217,1217,1217,1217,1217,1217,1217,1217,1217,1217,1217,
1217,1217,1217,1217,1217,1217,1217,1217,1217,1217,1217,1217,1217,1217,1217,1217,1217,1217,1217,1217,1217,1217,1217,1217,1217,1217,1217,1217,1217,1217,1217,1217,1217,1217,1217,1217,1217,1217,1217,1217,1217,1217,1217,1217,1217,1217,1217,1217,1217,1217,1217,1217,1217,1217,1217,1217,1217,1217,1217,1217,1217,1217,1217,1217,
1217,1217,1217,1217,1217,1217,1217,1217,1217,1217,1217,1217,1217,1217,1217,1217,1217,1217,1217,1217,1217,1217,1217,1217,1217,1217,1217,1217,1217,1217,1217,1217,1217,1217,1217,1217,1217,1217,1217,1217,1217,1217,1217,1217,1217,1217,1217,1217,1217,1217,1217,1217,1217,1217,1217,1217,1217,1217,1217,1217,1217,1217,1217,1217,
1217,1217,1217,1217,1217,1217,1217,1217,1217,1217,1217,1217,1217,1217,1217,1217,1217,1217,1217,1217,1217,1217,1217,1217,1217,1217,1217,1217,1217,1217,1217,1217,1217,1217,1217,1217,1217,1217,1217,1217,1217,1217,1217,1217,1217,1217,1217,1217,1217,1217,1217,1217,1217,1217,1217,1217,1217,1217,1217,1217,1217,1217,1217,1217,
1217,1217,1217,1217,1217,1217,1217,1217,1217,1217,1217,1217,1217,1217,1217,1217,1217,1217,1217,1217,1217,1217,1217,1217,1217,1217,1217,1217,1217,1217,1217,1217,1217,1217,1217,1217,1217,1217,1217,1217,1217,1217,1217,1217,1217,1217,1217,1217,1217,1217,1217,1217,1217,1217,1217,1217,1217,1217,1217,1217,1217,1217,1217,1217,
1217,1217,1217,1217,1217,1217,1217,1217,1217,1217,1217,1217,1217,1217,1217,1217,1217,1217,1217,1217,1217,1217,1217,1217,1217,1217,1217,1217,1217,1217,1217,1217,1217,1217,1217,1217,1217,1217,1217,1217,1217,1217,1217,1217,1217,1217,1217,1217,1217,1217,1217,1217,1217,1217,1217,1217,1217,1217,1217,1217,1217,1217,1217,1217,
1217,1217,1217,1217,1217,1217,1217,1217,1217,1217,1217,1217,1217,1217,1217,1217,1217,1217,1217,1217,1217,1217,1217,1217,1217,1217,1217,1217,1217,1217,1217,1217,1217,1217,1217,1217,1217,1217,1217,1217,1217,1217,1217,1217,1217,1217,1217,1217,1217,1217,1217,1217,1217,1217,1217,1217,1217,1217,1217,1217,1217,1217,1217,1217,
1217,1217,1217,1217,1217,1217,1217,1217,1217,1217,1217,1217,1217,1217,1217,1217,1217,1217,1217,1217,1217,1217,1217,1217,1217,1217,1217,1217,1217,1217,1217,1217,1217,1217,1217,1217,1217,1217,1217,1217,1217,1217,1217,1217,1217,1217,1217,1217,1217,1217,1217,1217,1217,1217,1217,1217,1217,1217,1217,1217,1217,1217,1217,1217,
1217,1217,1217,1217,1217,1217,1217,1217,1217,1217,1217,1217,1217,1217,1217,1217,1217,1217,1217,1217,1217,1217,1217,1217,1217,1217,1217,1217,1217,1217,1217,1217,1217,1217,1217,1217,1217,1217,1217,1217,1217,1217,1217,1217,1217,1217,1217,1217,1217,1217,1217,1217,1217,1217,1217,1217,1217,1217,1217,1217,1217,1217,1217,1217,
1217,1217,1217,1217,1217,1217,1217,1217,1217,1217,1217,1217,1217,1217,1217,1217,1217,1217,1217,1217,1217,1217,1217,1217,1217,1217,1217,1217,1217,1217,1217,1217,1217,1217,1217,1217,1217,1217,1217,1217,1217,1217,1217,1217,1217,1217,1217,1217,1217,1217,1217,1217,1217,1217,1217,1217,1217,1217,1217,1217,1217,1217,1217,1217,
1217,1217,1217,1217,1217,1217,1217,1217,1217,1217,1217,1217,1217,1217,1217,1217,1217,1217,1217,1217,1217,1217,1217,1217,1217,1217,1217,1217,1217,1217,1217,1217,1217,1217,1217,1217,1217,1217,1217,1217,1217,1217,1217,1217,1217,1217,1217,1217,1217,1217,1217,1217,1217,1217,1217,1217,1217,1217,1217,1217,1217,1217,1217,1217,
1217,1217,1217,1217,1217,1217,1217,1217,1217,1217,1217,1217,1217,1217,1217,1217,1217,1217,1217,1217,1217,1217,1217,1217,1217,1217,1217,1217,1217,1217,1217,1217,1217,1217,1217,1217,1217,1217,1217,1217,1217,1217,1217,1217,1217,1217,1217,1217,1217,1217,1217,1217,1217,1217,1217,1217,1217,1217,1217,1217,1217,1217,1217,1217,
1217,1217,1217,1217,1217,1217,1217,1217,1217,1217,1217,1217,1217,1217,1217,1217,1217,1217,1217,1217,1217,1217,1217,1217,1217,1217,1217,1217,1217,1217,1217,1217,1217,1217,1217,1217,1217,1217,1217,1217,1217,1217,1217,1217,1217,1217,1217,1217,1217,1217,1217,1217,1217,1217,1217,1217,1217,1217,1217,1217,1217,1217,1217,1217,
1217,1217,1217,1217,1217,1217,1217,1217,1217,1217,1217,1217,1217,1217,1217,1217,1217,1217,1217,1217,1217,1217,1217,1217,1217,1217,1217,1217,1217,1217,1217,1217,1217,1217,1217,1217,1217,1217,1217,1217,1217,1217,1217,1217,1217,1217,1217,1217,1217,1217,1217,1217,1217,1217,1217,1217,1217,1217,1217,1217,1217,1217,1217,1217,
1217,1217,1217,1217,1217,1217,1217,1217,1217,1217,1217,1217,1217,1217,1217,1217,1217,1217,1217,1217,1217,1217,1217,1217,1217,1217,1217,1217,1217,1217,1217,1217,1217,1217,1217,1217,1217,1217,1217,1217,1217,1217,1217,1217,1217,1217,1217,1217,1217,1217,1217,1217,1217,1217,1217,1217,1217,1217,1217,1217,1217,1217,1217,1217,
1217,1217,1217,1217,1217,1217,1217,1217,1217,1217,1217,1217,1217,1217,1217,1217,1217,1217,1217,1217,1217,1217,1217,1217,1217,1217,1217,1217,1217,1217,1217,1217,1217,1217,1217,1217,1217,1217,1217,1217,1217,1217,1217,1217,1217,1217,1217,1217,1217,1217,1217,1217,1217,1217,1217,1217,1217,1217,1217,1217,1217,1217,1217,1217,
1217,1217,1217,1217,1217,1217,1217,1217,1217,1217,1217,1217,1217,1217,1217,1217,1217,1217,1217,1217,1217,1217,1217,1217,1217,1217,1217,1217,1217,1217,1217,1217,1217,1217,1217,1217,1217,1217,1217,1217,1217,1217,1217,1217,1217,1217,1217,1217,1217,1217,1217,1217,1217,1217,1217,1217,1217,1217,1217,1217,1217,1217,1217,1217,
1217,1217,1217,1217,1217,1217,1217,1217,1217,1217,1217,1217,1217,1217,1217,1217,1217,1217,1217,1217,1217,1217,1217,1217,1217,1217,1217,1217,1217,1217,1217,1217,1217,1217,1217,1217,1217,1217,1217,1217,1217,1217,1217,1217,1217,1217,1217,1217,1217,1217,1217,1217,1217,1217,1217,1217,1217,1217,1217,1217,1217,1217,1217,1217,
1217,1217,1217,1217,1217,1217,1217,1217,1217,1217,1217,1217,1217,1217,1217,1217,1217,1217,1217,1217,1217,1217,1217,1217,1217,1217,1217,1217,1217,1217,1217,1217,1217,1217,1217,1217,1217,1217,1217,1217,1217,1217,1217,1217,1217,1217,1217,1217,1217,1217,1217,1217,1217,1217,1217,1217,1217,1217,1217,1217,1217,1217,1217,1217,
1217,1217,1217,1217,1217,1217,1217,1217,1217,1217,1217,1217,1217,1217,1217,1217,1217,1217,1217,1217,1217,1217,1217,1217,1217,1217,1217,1217,1217,1217,1217,1217,1217,1217,1217,1217,1217,1217,1217,1217,1217,1217,1217,1217,1217,1217,1217,1217,1217,1217,1217,1217,1217,1217,1217,1217,1217,1217,1217,1217,1217,1217,1217,1217,
1217,1217,1217,1217,1217,1217,1217,1217,1217,1217,1217,1217,1217,1217,1217,1217,1217,1217,1217,1217,1217,1217,1217,1217,1217,1217,1217,1217,1217,1217,1217,1217,1217,1217,1217,1217,1217,1217,1217,1217,1217,1217,1217,1217,1217,1217,1217,1217,1217,1217,1217,1217,1217,1217,1217,1217,1217,1217,1217,1217,1217,1217,1217,1217,
1217,1217,1217,1217,1217,1217,1217,1217,1217,1217,1217,1217,1217,1217,1217,1217,1217,1217,1217,1217,1217,1217,1217,1217,1217,1217,1217,1217,1217,1217,1217,1217,1217,1217,1217,1217,1217,1217,1217,1217,1217,1217,1217,1217,1217,1217,1217,1217,1217,1217,1217,1217,1217,1217,1217,1217,1217,1217,1217,1217,1217,1217,1217,1217,
1217,1217,1217,1217,1217,1217,1217,1217,1217,1217,1217,1217,1217,1217,1217,1217,1217,1217,1217,1217,1217,1217,1217,1217,1217,1217,1217,1217,1217,1217,1217,1217,1217,1217,1217,1217,1217,1217,1217,1217,1217,1217,1217,1217,1217,1217,1217,1217,1217,1217,1217,1217,1217,1217,1217,1217,1217,1217,1217,1217,1217,1217,1217,1217,
1217,1217,1217,1217,1217,1217,1217,1217,1217,1217,1217,1217,1217,1217,1217,1217,1217,1217,1217,1217,1217,1217,1217,1217,1217,1217,1217,1217,1217,1217,1217,1217,1217,1217,1217,1217,1217,1217,1217,1217,1217,1217,1217,1217,1217,1217,1217,1217,1217,1217,1217,1217,1217,1217,1217,1217,1217,1217,1217,1217,1217,1217,1217,1217,
1217,1217,1217,1217,1217,1217,1217,1217,1217,1217,1217,1217,1217,1217,1217,1217,1217,1217,1217,1217,1217,1217,1217,1217,1217,1217,1217,1217,1217,1217,1217,1217,1217,1217,1217,1217,1217,1217,1217,1217,1217,1217,1217,1217,1217,1217,1217,1217,1217,1217,1217,1217,1217,1217,1217,1217,1217,1217,1217,1217,1217,1217,1217,1217,
1217,1217,1217,1217,1217,1217,1217,1217,1217,1217,1217,1217,1217,1217,1217,1217,1217,1217,1217,1217,1217,1217,1217,1217,1217,1217,1217,1217,1217,1217,1217,1217,1217,1217,1217,1217,1217,1217,1217,1217,1217,1217,1217,1217,1217,1217,1217,1217,1217,1217,1217,1217,1217,1217,1217,1217,1217,1217,1217,1217,1217,1217,1217,1217,
1217,1217,1217,1217,1217,1217,1217,1217,1217,1217,1217,1217,1217,1217,1217,1217,1217,1217,1217,1217,1217,1217,1217,1217,1217,1217,1217,1217,1217,1217,1217,1217,1217,1217,1217,1217,1217,1217,1217,1217,1217,1217,1217,1217,1217,1217,1217,1217,1217,1217,1217,1217,1217,1217,1217,1217,1217,1217,1217,1217,1217,1217,1217,1217

[layer]
type=Tile Layer 2
data=
1163,1163,1163,1163,1163,1163,1163,1163,1163,1163,1163,1163,1163,1163,1163,1163,1163,1163,1163,1163,1163,1163,1163,1163,1163,1163,1163,1163,1163,1163,1163,1163,1163,1163,1163,1163,1163,1163,1163,1163,1163,1163,1163,1163,1163,1163,1163,1163,1163,1163,1163,1163,1163,1163,1163,1163,1163,1163,1163,1163,1163,1163,1163,1163,
1163,0,0,0,0,0,0,0,0,0,0,0,0,0,0,0,0,0,0,0,0,0,0,0,0,0,0,0,0,0,0,0,0,0,0,0,0,0,0,0,0,0,0,0,0,0,0,0,0,0,0,0,0,0,0,0,0,0,0,0,0,0,0,1163,
1163,0,0,0,0,0,0,0,0,0,0,0,0,0,0,0,0,0,0,0,0,0,0,0,0,0,0,0,0,0,0,0,0,0,0,0,0,0,0,0,0,0,0,0,0,0,0,0,0,0,0,0,0,0,0,0,0,0,0,0,0,0,0,1163,
1163,0,0,0,0,0,0,0,0,0,0,0,0,0,0,0,0,0,0,0,0,0,0,0,0,0,0,0,0,0,0,0,0,0,0,0,0,0,0,0,0,0,0,0,0,0,0,0,0,0,0,0,0,0,0,0,0,0,0,0,0,0,0,1163,
1163,0,0,0,0,0,0,0,0,0,0,0,0,0,0,0,0,0,0,0,0,0,0,0,0,0,0,0,0,0,0,0,0,0,0,0,0,0,0,0,0,0,0,0,0,0,0,0,0,0,0,0,0,0,0,0,0,0,0,0,0,0,0,1163,
1163,0,0,0,0,0,0,0,0,0,0,0,0,0,0,0,0,0,0,0,0,0,0,0,0,0,0,0,0,0,0,0,0,0,0,0,0,0,0,0,0,0,0,0,0,0,0,0,0,0,0,0,0,0,0,0,0,0,0,0,0,0,0,1163,
1163,0,0,0,0,0,0,0,0,0,0,0,0,0,0,0,0,0,0,0,0,0,0,0,0,0,0,0,0,0,0,0,0,0,0,0,0,0,0,0,0,0,0,0,0,0,0,0,0,0,0,0,0,0,0,0,0,0,0,0,0,0,0,1163,
1163,0,0,0,0,0,0,0,0,0,0,0,0,0,0,0,0,0,0,0,0,0,0,0,0,0,0,0,0,0,0,0,0,0,0,0,0,0,0,0,0,0,0,0,0,0,0,0,0,0,0,0,0,0,0,0,0,0,0,0,0,0,0,1163,
1163,0,0,0,0,0,0,0,0,0,0,0,0,0,0,1163,1163,1163,1163,1163,0,0,0,0,1163,0,0,1163,0,0,1163,0,0,0,0,0,0,0,0,0,0,0,0,0,0,0,0,0,0,0,0,0,0,0,0,0,0,0,0,0,0,0,0,1163,
1163,0,0,0,0,0,0,0,0,0,0,0,0,0,0,0,0,0,0,0,0,0,0,0,0,0,0,0,0,0,0,0,0,0,0,0,0,0,0,0,0,0,0,0,0,0,0,0,0,0,0,0,0,0,0,0,0,0,0,0,0,0,0,1163,
1163,0,0,0,0,0,0,0,0,0,0,0,0,0,0,0,0,0,0,0,0,0,0,0,0,0,0,0,0,0,0,0,0,0,0,1163,1163,1163,0,0,0,0,0,0,0,0,0,0,0,0,0,0,0,0,0,0,0,0,0,0,0,0,0,1163,
1163,1163,1163,1163,1163,1163,1163,1163,1163,1163,1163,0,0,0,0,0,0,0,0,0,0,0,0,0,0,0,0,0,0,0,0,0,0,0,0,0,0,0,0,0,1163,0,0,1163,0,0,1163,0,0,1163,0,0,0,0,0,0,0,0,0,0,0,0,0,0,
0,0,0,0,0,0,0,0,0,0,0,0,0,0,0,0,0,0,0,0,0,0,0,0,0,0,0,0,0,0,0,0,0,0,0,0,0,0,0,0,0,0,0,0,0,0,0,0,0,0,0,0,0,0,0,0,0,0,0,0,0,0,0,0,
0,0,0,0,0,0,0,0,0,0,0,0,0,0,0,0,0,0,0,0,0,0,0,0,0,0,0,0,0,0,0,0,0,0,0,0,0,0,0,0,0,0,0,0,0,0,0,0,0,0,0,0,0,0,0,0,0,0,0,0,0,0,0,0,
0,0,0,0,0,0,0,0,0,0,0,0,0,0,0,0,0,0,0,0,0,0,0,0,0,0,0,0,0,0,0,0,0,0,0,0,0,0,0,0,0,0,0,0,0,0,0,0,0,0,0,0,0,0,1163,1163,1163,1163,1163,1163,1163,1163,1163,1163,
1163,1163,1163,1163,1163,1163,1163,1163,1163,1163,1163,0,0,0,0,0,0,0,0,0,0,0,0,0,0,0,0,0,0,0,0,0,0,0,0,0,0,0,0,0,0,0,0,0,0,0,0,0,0,0,0,0,0,0,0,0,0,0,0,0,0,0,0,1163,
1163,0,0,0,0,0,0,0,0,0,0,0,0,0,0,0,0,0,0,0,0,0,0,0,0,0,0,0,0,0,0,0,0,0,0,0,0,0,0,0,0,0,0,0,0,0,0,0,0,0,0,0,0,0,0,0,0,0,0,0,0,0,0,1163,
1163,0,0,0,0,0,0,0,0,0,0,0,0,0,0,0,0,0,0,0,0,0,0,0,0,0,0,0,0,0,0,0,0,0,0,0,0,0,0,0,0,0,0,0,0,0,0,0,0,0,0,0,0,0,0,0,0,0,0,0,0,0,0,1163,
1163,0,0,0,0,0,0,0,0,0,0,0,0,0,0,0,0,0,0,0,0,0,0,0,0,0,0,0,0,0,0,0,0,0,0,0,0,0,0,0,0,0,0,0,0,0,0,0,0,0,0,0,0,0,1163,1163,1163,1163,0,0,0,0,0,1163,
1163,0,0,0,0,0,0,0,0,0,0,0,0,0,0,0,0,0,0,0,0,0,0,0,0,0,0,0,0,0,0,0,0,0,0,0,0,0,0,0,0,0,0,0,0,0,0,0,0,0,0,0,0,0,0,0,0,0,0,0,0,0,0,1163,
1163,0,0,0,0,0,0,0,0,0,0,0,0,0,0,0,0,0,0,0,0,0,0,0,0,0,0,0,0,0,0,0,0,0,0,0,0,0,0,0,0,0,0,0,0,0,0,0,0,0,0,0,0,0,0,0,0,0,0,0,0,0,0,1163,
1163,0,0,0,0,0,0,0,0,0,0,0,0,0,0,0,0,0,0,0,0,0,0,0,0,0,0,0,0,0,0,0,0,0,0,0,0,0,0,0,0,0,0,0,0,0,0,0,0,0,0,0,0,0,0,0,0,0,0,0,0,0,0,1163,
1163,0,0,0,0,0,0,0,0,0,0,0,0,0,0,0,0,0,0,0,0,0,0,0,0,0,0,0,0,0,0,0,0,0,0,0,0,0,0,0,0,0,0,0,0,0,0,0,0,0,0,0,0,0,1163,1163,1163,1163,0,0,0,0,0,1163,
1163,0,0,0,0,0,0,0,0,0,0,0,0,0,0,0,1163,1163,1163,1163,1163,1163,0,0,0,0,1163,1163,1163,1163,1163,1163,0,0,0,0,1163,1163,1163,1163,1163,1163,0,0,0,0,1163,1163,1163,1163,1163,1163,0,0,0,0,0,0,0,0,0,0,0,1163,
1163,0,0,0,0,0,0,0,0,0,0,0,0,0,0,0,1163,0,0,0,0,1163,0,0,0,0,1163,0,0,0,0,1163,0,0,0,0,1163,0,0,0,0,1163,0,0,0,0,1163,0,0,0,0,1163,0,0,0,0,0,0,0,0,0,0,0,1163,
1163,0,0,0,0,0,0,0,0,0,0,0,0,0,0,0,1163,0,0,0,0,1163,0,0,0,0,1163,0,0,0,0,1163,0,0,0,0,1163,0,0,0,0,1163,0,0,0,0,1163,0,0,0,0,1163,0,0,0,0,0,0,0,0,0,0,0,1163,
1163,0,0,0,0,0,0,0,0,0,0,0,0,0,0,0,1163,0,0,0,0,1163,0,0,0,0,1163,0,0,0,0,1163,0,0,0,0,1163,0,0,0,0,1163,0,0,0,0,1163,0,0,0,0,1163,0,0,0,0,0,0,0,0,0,0,0,1163,
1163,0,0,0,0,0,0,0,0,0,0,0,0,0,0,0,1163,0,0,0,0,1163,0,0,0,0,1163,0,0,0,0,1163,0,0,0,0,1163,0,0,0,0,1163,0,0,0,0,1163,0,0,0,0,1163,0,0,0,0,0,0,0,0,0,0,0,1163,
1163,0,0,0,0,0,0,0,0,0,0,0,0,0,0,0,1163,0,0,0,0,1163,0,0,0,0,1163,0,0,0,0,1163,0,0,0,0,1163,0,0,0,0,1163,0,0,0,0,1163,0,0,0,0,1163,0,0,0,0,0,0,0,0,0,0,0,1163,
1163,0,0,0,0,0,0,0,0,0,0,0,0,0,0,0,1163,0,0,0,0,1163,0,0,0,0,1163,0,0,0,0,1163,0,0,0,0,1163,0,0,0,0,1163,0,0,0,0,1163,0,0,0,0,1163,0,0,0,0,0,0,0,0,0,0,0,1163,
1163,0,0,0,0,0,0,0,0,0,0,0,0,0,0,0,1163,0,0,0,0,1163,0,0,0,0,1163,0,0,0,0,1163,0,0,0,0,1163,0,0,0,0,1163,0,0,0,0,1163,0,0,0,0,1163,0,0,0,0,0,0,0,0,0,0,0,1163,
1163,0,0,0,0,0,0,0,0,0,0,0,0,0,0,0,1163,0,0,0,0,1163,0,0,0,0,1163,0,0,0,0,1163,0,0,0,0,1163,0,0,0,0,1163,0,0,0,0,1163,0,0,0,0,1163,0,0,0,0,0,0,0,0,0,0,0,1163

