[header]
width=32
height=32
tilewidth=32
tileheight=32
orientation=orthogonal

[tilesets]
tileset=../../images/ProjectUtumno_full.png,32,32,0,0

[layer]
type=Tile Layer 1
data=
1217,1217,1217,1217,1217,1217,1217,1217,1217,1217,1217,1217,1217,1217,1217,1217,1217,1217,1217,1217,1217,1217,1217,1217,1217,1217,1217,1217,1217,1217,1217,1217,
1217,1217,1217,1217,1217,1217,1217,1217,1217,1217,1217,1217,1217,1217,1217,1217,1217,1217,1217,1217,1217,1217,1217,1217,1217,1217,1217,1217,1217,1217,1217,1217,
1217,1217,1217,1217,1217,1217,1217,1217,1217,1217,1217,1217,1217,1217,1217,1217,1217,1217,1217,1217,1217,1217,1217,1217,1217,1217,1217,1217,1217,1217,1217,1217,
1217,1217,1217,1217,1217,1217,1217,1217,1217,1217,1217,1217,1217,1217,1217,1217,1217,1217,1217,1217,1217,1217,1217,1217,1217,1217,1217,1217,1217,1217,1217,1217,
1217,1217,1217,1217,1217,1217,1217,1217,1217,1217,1217,1217,1217,1217,1217,1217,1217,1217,1217,1217,1217,1217,1217,1217,1217,1217,1217,1217,1217,1217,1217,1217,
1217,1217,1217,1217,1217,1217,1217,1217,1217,1217,1217,1217,1217,1217,1217,1217,1217,1217,1217,1217,1217,1217,1217,1217,1217,1217,1217,1217,1217,1217,1217,1217,
1217,1217,1217,1217,1217,1217,1217,1217,1217,1217,1217,1217,1217,1217,1217,1217,1217,1217,1217,1217,1217,1217,1217,1217,1217,1217,1217,1217,1217,1217,1217,1217,
1217,1217,1217,1217,1217,1217,1217,1217,1217,1217,1217,1217,1217,1217,1217,1217,1217,1217,1217,1217,1217,1217,1217,1217,1217,1217,1217,1217,1217,1217,1217,1217,
1217,1217,1217,1217,1217,1217,1217,1217,1217,1217,1217,1217,1217,1217,1217,1217,1217,1217,1217,1217,1217,1217,1217,1217,1217,1217,1217,1217,1217,1217,1217,1217,
1217,1217,1217,1217,1217,1217,1217,1217,1217,1217,1217,1217,1217,1217,1217,1217,1217,1217,1217,1217,1217,1217,1217,1217,1217,1217,1217,1217,1217,1217,1217,1217,
1217,1217,1217,1217,1217,1217,1217,1217,1217,1217,1217,1217,1217,1217,1217,1217,1217,1217,1217,1217,1217,1217,1217,1217,1217,1217,1217,1217,1217,1217,1217,1217,
1217,1217,1217,1217,1217,1217,1217,1217,1217,1217,1217,1217,1217,1217,1217,1217,1217,1217,1217,1217,1217,1217,1217,1217,1217,1217,1217,1217,1217,1217,1217,1217,
1217,1217,1217,1217,1217,1217,1217,1217,1217,1217,1217,1217,1217,1217,1217,1217,1217,1217,1217,1217,1217,1217,1217,1217,1217,1217,1217,1217,1217,1217,1217,1217,
1217,1217,1217,1217,1217,1217,1217,1217,1217,1217,1217,1217,1217,1217,1217,1217,1217,1217,1217,1217,1217,1217,1217,1217,1217,1217,1217,1217,1217,1217,1217,1217,
1217,1217,1217,1217,1217,1217,1217,1217,1217,1217,1217,1217,1217,1217,1217,1217,1217,1217,1217,1217,1217,1217,1217,1217,1217,1217,1217,1217,1217,1217,1217,1217,
1217,1217,1217,1217,1217,1217,1217,1217,1217,1217,1217,1217,1217,1217,1217,1217,1217,1217,1217,1217,1217,1217,1217,1217,1217,1217,1217,1217,1217,1217,1217,1217,
1217,1217,1217,1217,1217,1217,1217,1217,1217,1217,1217,1217,1217,1217,1217,1217,1217,1217,1217,1217,1217,1217,1217,1217,1217,1217,1217,1217,1217,1217,1217,1217,
1217,1217,1217,1217,1217,1217,1217,1217,1217,1217,1217,1217,1217,1217,1217,1217,1217,1217,1217,1217,1217,1217,1217,1217,1217,1217,1217,1217,1217,1217,1217,1217,
1217,1217,1217,1217,1217,1217,1217,1217,1217,1217,1217,1217,1217,1217,1217,1217,1217,1217,1217,1217,1217,1217,1217,1217,1217,1217,1217,1217,1217,1217,1217,1217,
1217,1217,1217,1217,1217,1217,1217,1217,1217,1217,1217,1217,1217,1217,1217,1217,1217,1217,1217,1217,1217,1217,1217,1217,1217,1217,1217,1217,1217,1217,1217,1217,
1217,1217,1217,1217,1217,1217,1217,1217,1217,1217,1217,1217,1217,1217,1217,1217,1217,1217,1217,1217,1217,1217,1217,1217,1217,1217,1217,1217,1217,1217,1217,1217,
1217,1217,1217,1217,1217,1217,1217,1217,1217,1217,1217,1217,1217,1217,1217,1217,1217,1217,1217,1217,1217,1217,1217,1217,1217,1217,1217,1217,1217,1217,1217,1217,
1217,1217,1217,1217,1217,1217,1217,1217,1217,1217,1217,1217,1217,1217,1217,1217,1217,1217,1217,1217,1217,1217,1217,1217,1217,1217,1217,1217,1217,1217,1217,1217,
1217,1217,1217,1217,1217,1217,1217,1217,1217,1217,1217,1217,1217,1217,1217,1217,1217,1217,1217,1217,1217,1217,1217,1217,1217,1217,1217,1217,1217,1217,1217,1217,
1217,1217,1217,1217,1217,1217,1217,1217,1217,1217,1217,1217,1217,1217,1217,1217,1217,1217,1217,1217,1217,1217,1217,1217,1217,1217,1217,1217,1217,1217,1217,1217,
1217,1217,1217,1217,1217,1217,1217,1217,1217,1217,1217,1217,1217,1217,1217,1217,1217,1217,1217,1217,1217,1217,1217,1217,1217,1217,1217,1217,1217,1217,1217,1217,
1217,1217,1217,1217,1217,1217,1217,1217,1217,1217,1217,1217,1217,1217,1217,1217,1217,1217,1217,1217,1217,1217,1217,1217,1217,1217,1217,1217,1217,1217,1217,1217,
1217,1217,1217,1217,1217,1217,1217,1217,1217,1217,1217,1217,1217,1217,1217,1217,1217,1217,1217,1217,1217,1217,1217,1217,1217,1217,1217,1217,1217,1217,1217,1217,
1217,1217,1217,1217,1217,1217,1217,1217,1217,1217,1217,1217,1217,1217,1217,1217,1217,1217,1217,1217,1217,1217,1217,1217,1217,1217,1217,1217,1217,1217,1217,1217,
1217,1217,1217,1217,1217,1217,1217,1217,1217,1217,1217,1217,1217,1217,1217,1217,1217,1217,1217,1217,1217,1217,1217,1217,1217,1217,1217,1217,1217,1217,1217,1217,
1217,1217,1217,1217,1217,1217,1217,1217,1217,1217,1217,1217,1217,1217,1217,1217,1217,1217,1217,1217,1217,1217,1217,1217,1217,1217,1217,1217,1217,1217,1217,1217,
1217,1217,1217,1217,1217,1217,1217,1217,1217,1217,1217,1217,1217,1217,1217,1217,1217,1217,1217,1217,1217,1217,1217,1217,1217,1217,1217,1217,1217,1217,1217,1217

[layer]
type=Tile Layer 2
data=
1163,1163,1163,1163,1163,1163,1163,1163,1163,1163,1163,1163,1163,1163,1163,1163,1163,1163,1163,1163,1163,1163,1163,1163,1163,1163,1163,1163,1163,1163,1163,1163,
1163,0,0,0,0,0,0,0,0,0,0,0,0,0,0,0,0,0,0,0,0,0,0,0,0,0,0,0,0,0,0,0,
1163,0,0,0,0,0,0,0,0,0,0,0,0,0,0,0,0,0,0,0,0,0,0,0,0,0,0,0,0,0,0,0,
1163,0,0,0,0,0,0,0,0,0,0,0,0,0,0,0,0,0,0,0,0,0,0,0,0,0,0,0,0,0,0,1163,
1163,0,0,0,0,0,0,0,0,0,0,0,0,0,0,0,0,0,0,0,0,0,0,0,0,0,0,1163,1163,1163,1163,1163,
1163,0,0,0,0,0,0,0,0,0,0,0,0,0,0,0,0,0,0,0,0,0,0,0,0,0,1163,0,0,0,0,1163,
1163,0,0,0,0,0,0,0,0,0,0,0,0,0,0,0,0,0,0,0,0,0,0,0,1163,1163,0,0,0,0,0,1163,
1163,0,0,0,0,0,0,0,0,0,0,0,0,0,0,0,0,0,0,0,0,0,1163,1163,0,0,0,0,0,0,0,1163,
1163,0,0,0,0,0,0,0,0,0,0,0,0,0,0,0,0,0,0,0,0,1163,0,0,0,0,0,0,0,0,0,1163,
1163,0,0,0,0,0,0,0,0,0,0,0,0,0,0,0,0,0,0,0,0,0,0,0,0,0,0,0,0,0,0,1163,
1163,0,0,0,0,0,0,0,0,0,0,0,0,0,0,0,0,0,0,0,0,0,0,0,0,0,0,0,0,0,0,1163,
1163,1163,1163,1163,1163,1163,1163,1163,1163,1163,1163,1163,1163,1163,1163,1163,1163,1163,1163,1163,1163,1163,1163,1163,1163,1163,0,0,0,0,0,1163,
1163,0,0,0,0,0,0,0,0,0,0,0,0,0,0,0,0,0,0,0,0,0,0,0,0,0,0,0,0,0,0,1163,
1163,0,0,0,0,0,0,0,0,0,0,0,0,0,0,0,0,0,0,0,0,0,0,0,0,0,0,0,0,0,0,1163,
1163,0,0,0,0,0,0,0,0,0,0,0,0,0,0,0,0,0,0,0,0,0,0,0,0,0,0,0,0,0,0,1163,
1163,0,0,0,0,0,0,0,0,0,0,0,0,0,0,0,0,0,0,0,0,0,0,0,0,0,0,0,0,0,0,1163,
1163,0,0,0,0,0,0,0,0,0,0,0,0,0,0,0,0,0,0,0,0,0,0,0,0,0,0,0,0,0,0,1163,
1163,0,0,0,0,0,0,0,0,0,0,0,0,0,0,0,0,0,0,0,0,0,0,0,0,0,0,0,0,0,0,1163,
1163,1163,1163,1163,1163,1163,1163,0,0,0,0,0,0,0,0,0,0,0,0,0,1163,1163,1163,1163,1163,1163,1163,1163,1163,1163,1163,1163,
1163,0,0,0,0,0,0,0,0,0,0,0,0,0,0,0,0,0,0,0,0,0,0,0,0,0,0,0,0,0,0,1163,
1163,0,0,0,0,0,0,0,0,0,0,0,0,0,0,0,0,0,0,0,0,0,0,0,0,0,0,0,0,0,0,1163,
1163,0,0,0,0,0,0,0,0,0,0,0,0,0,0,0,0,0,0,0,0,0,0,0,0,0,0,0,0,0,0,1163,
1163,0,0,0,0,0,0,0,0,0,0,0,0,0,0,0,0,0,0,0,0,0,0,0,0,0,0,0,0,0,0,1163,
1163,0,0,0,0,0,0,0,1163,1163,1163,1163,1163,1163,1163,1163,1163,1163,1163,0,0,0,0,0,0,0,0,0,0,0,0,1163,
1163,0,0,0,0,0,0,0,0,0,0,0,0,0,0,0,0,0,0,0,0,0,0,0,0,0,0,0,0,0,0,1163,
1163,0,0,0,0,0,0,0,0,0,0,0,0,0,0,0,0,0,0,0,0,0,0,0,0,0,0,0,0,0,0,1163,
1163,0,0,0,0,0,0,0,0,0,0,0,0,0,0,0,0,0,0,0,0,0,0,0,0,0,0,0,0,0,0,1163,
1163,1163,1163,1163,1163,1163,1163,1163,1163,1163,1163,1163,1163,1163,1163,1163,1163,1163,1163,1163,1163,1163,1163,1163,1163,1163,1163,1163,0,0,0,1163,
1163,0,0,0,0,0,0,0,0,0,0,0,0,0,0,0,0,0,0,0,0,0,0,0,0,0,0,0,0,0,0,1163,
0,0,0,0,0,0,0,0,0,0,0,0,0,0,0,0,0,0,0,0,0,0,0,0,0,0,0,0,0,0,0,1163,
0,0,0,0,0,0,0,0,0,0,0,0,0,0,0,0,0,0,0,0,0,0,0,0,0,0,0,0,0,0,0,1163,
1163,1163,1163,1163,1163,1163,1163,1163,1163,1163,1163,1163,1163,1163,1163,1163,1163,1163,1163,1163,1163,1163,1163,1163,1163,1163,1163,1163,1163,1163,1163,1163

[layer]
type=Tile Layer 3
data=
0,0,0,0,0,0,0,0,0,0,0,0,0,0,0,0,0,0,0,0,0,0,0,0,0,0,0,0,0,0,0,0,
0,0,0,0,0,0,0,0,0,0,0,0,0,0,0,0,0,0,0,0,0,0,0,0,0,0,0,0,0,0,0,0,
0,0,0,0,0,0,0,0,0,0,0,0,0,0,0,0,0,0,0,0,0,0,0,0,0,0,0,0,0,0,0,97,
0,0,0,0,0,0,0,0,0,0,0,0,0,0,0,0,0,0,0,0,0,0,0,0,0,0,0,0,0,0,0,0,
0,0,0,0,0,0,0,0,0,0,0,0,0,0,0,0,0,0,0,0,0,0,0,0,0,0,0,0,0,0,0,0,
0,0,0,0,0,0,0,0,0,0,0,0,0,0,0,0,0,0,0,0,0,0,0,0,0,0,0,0,0,0,0,0,
0,0,0,0,0,0,0,0,0,0,0,0,0,0,0,0,0,0,0,0,0,0,0,0,0,0,0,0,0,0,0,0,
0,0,0,0,0,0,0,0,0,0,0,0,0,0,0,0,0,0,0,0,0,0,0,0,0,0,0,0,0,0,0,0,
0,0,0,0,0,6017,0,0,0,0,0,0,0,0,0,0,0,0,0,0,0,0,0,0,0,0,0,0,0,0,0,0,
0,0,0,0,0,0,0,0,0,0,0,0,0,0,0,0,0,0,0,0,0,0,0,0,0,0,0,0,0,0,0,0,
0,0,0,0,0,0,0,0,0,0,0,0,0,0,0,0,0,0,0,0,0,0,0,0,0,0,0,0,0,0,0,0,
0,0,0,0,0,0,0,0,0,0,0,0,0,0,0,0,0,0,0,0,0,0,0,0,0,0,0,0,0,0,0,0,
0,0,0,0,0,0,0,0,0,0,0,0,0,0,0,0,0,0,0,0,0,0,0,0,0,0,0,0,0,0,0,0,
0,0,0,0,0,0,0,0,0,0,0,0,0,0,0,0,0,0,0,0,0,0,0,0,0,0,0,0,0,0,0,0,
0,0,0,0,0,0,0,0,0,0,0,0,0,0,0,0,0,0,0,0,0,0,0,0,0,0,0,0,0,0,0,0,
0,0,0,6017,0,0,0,0,0,0,0,0,0,0,0,0,0,0,0,0,0,0,0,0,6017,0,0,0,0,0,0,0,
0,0,0,0,0,0,0,0,0,0,0,0,0,0,0,0,0,0,0,0,0,0,0,0,0,0,0,0,0,0,0,0,
0,0,0,0,0,0,0,0,0,0,0,0,0,0,0,0,0,0,0,0,0,0,0,0,0,0,0,0,0,0,0,0,
0,0,0,0,0,0,0,0,0,0,0,0,0,0,0,0,0,0,0,0,0,0,0,0,0,0,0,0,0,0,0,0,
0,0,0,0,0,0,0,0,0,0,0,0,0,0,0,0,0,0,0,0,0,0,0,0,0,0,0,0,0,0,0,0,
0,0,0,0,0,0,0,0,0,0,0,0,0,0,0,0,0,0,0,0,0,0,0,0,0,0,0,0,0,0,0,0,
0,0,0,0,0,0,0,0,0,0,0,0,0,0,0,0,0,0,0,0,0,0,0,0,0,0,0,0,0,0,0,0,
0,0,0,0,0,0,0,0,0,0,0,0,0,0,0,0,0,0,0,0,0,0,0,0,0,0,0,0,0,0,0,0,
0,0,0,0,0,0,0,0,0,0,0,0,0,0,0,0,0,0,0,0,0,0,0,0,0,0,0,0,0,0,0,0,
0,0,0,0,0,0,0,0,0,0,0,0,0,0,0,0,0,0,0,0,0,0,0,0,0,0,0,0,0,0,0,0,
0,0,0,0,0,0,0,0,0,0,0,0,0,0,0,0,0,0,0,0,0,0,0,6017,0,0,0,0,0,0,0,0,
0,0,0,0,0,0,0,0,0,0,0,0,0,0,0,0,0,0,0,0,0,0,0,0,0,0,0,0,0,0,0,0,
0,0,0,0,0,0,0,0,0,0,0,0,0,0,0,0,0,0,0,0,0,0,0,0,0,0,0,0,0,0,0,0,
0,0,0,0,0,0,0,0,0,0,0,0,0,0,0,0,0,0,0,0,0,0,0,0,0,0,0,0,0,0,0,0,
0,0,0,0,0,0,0,0,0,0,0,0,0,0,0,0,0,0,0,0,0,0,0,0,0,0,0,0,0,0,0,0,
80,0,0,0,0,0,0,0,0,0,0,0,0,0,0,0,0,0,0,0,0,0,0,0,0,0,0,0,0,0,0,0,
0,0,0,0,0,0,0,0,0,0,0,0,0,0,0,0,0,0,0,0,0,0,0,0,0,0,0,0,0,0,0,0

